20231130_184025_n000001:
  duration: 238.97206666666668
  fps: 29.97002997002997
  start_date: '2023-11-30 18:40:25'
  start_time: 1701340825.512
20240528_150013_n000002:
  duration: 300.1
  fps: 20.0
  start_date: '2024-05-28 15:05:13'
  start_time: 1716879913.887
