20231130_184025_n000001:
  fps: 29.97002997002997
  duration: 238.97206666666668
  start_date: '2023-11-30 18:40:25'
  start_time: 1701340825.512
